1 101
0.000145993 0.0101431 0.0201402 0.0301372 0.0401343 0.0501314 0.0601285 0.0701256 0.0801226 0.0901197 0.100117 0.110114 0.120111 0.130108 0.140105 0.150102 0.160099 0.170096 0.180093 0.190091 0.200088 0.210085 0.220082 0.230079 0.240076 0.250073 0.26007 0.270067 0.280064 0.290061 0.300058 0.310055 0.320053 0.33005 0.340047 0.350044 0.360041 0.370038 0.380035 0.390032 0.400029 0.410026 0.420023 0.43002 0.440018 0.450015 0.460012 0.470009 0.480006 0.490003 0.5 0.509997 0.519994 0.529991 0.539988 0.549985 0.559982 0.56998 0.579977 0.589974 0.599971 0.609968 0.619965 0.629962 0.639959 0.649956 0.659953 0.66995 0.679947 0.689945 0.699942 0.709939 0.719936 0.729933 0.73993 0.749927 0.759924 0.769921 0.779918 0.789915 0.799912 0.809909 0.819907 0.829904 0.839901 0.849898 0.859895 0.869892 0.879889 0.889886 0.899883 0.90988 0.919877 0.929874 0.939872 0.949869 0.959866 0.969863 0.97986 0.989857 0.999854 
1 101
0.00045865 0.03186 0.0632299 0.0945374 0.125752 0.156842 0.187777 0.218528 0.249063 0.279352 0.309366 0.339074 0.368448 0.397459 0.426077 0.454276 0.482026 0.509301 0.536073 0.562318 0.588007 0.613116 0.637621 0.661497 0.68472 0.707268 0.729118 0.75025 0.77064 0.790273 0.809123 0.827178 0.844415 0.86082 0.876376 0.891068 0.904881 0.917801 0.929817 0.940914 0.951084 0.960316 0.968601 0.975931 0.982297 0.987695 0.992119 0.995564 0.998028 0.999507 1 0.999507 0.998028 0.995565 0.99212 0.987696 0.982298 0.975931 0.968602 0.960317 0.951085 0.940916 0.929817 0.917803 0.904882 0.89107 0.876379 0.860822 0.844418 0.827179 0.809127 0.790273 0.770644 0.750251 0.729121 0.70727 0.684723 0.661499 0.637623 0.613118 0.588009 0.56232 0.536076 0.509302 0.482028 0.454277 0.426079 0.39746 0.368449 0.339076 0.309367 0.279353 0.249064 0.218529 0.187778 0.156842 0.125752 0.0945377 0.0632301 0.0318601 0.00045865 
1 65
0.000145993 0.00131343 0.00364556 0.00713696 0.0117795 0.0175622 0.0244717 0.0324919 0.0416039 0.0517865 0.063016 0.075266 0.0885081 0.102711 0.117842 0.133866 0.150744 0.168439 0.186907 0.206107 0.225994 0.24652 0.267638 0.289299 0.311453 0.334046 0.357027 0.380342 0.403937 0.427755 0.451743 0.475843 0.5 0.524157 0.548257 0.572245 0.596063 0.619658 0.642973 0.665954 0.688547 0.710701 0.732362 0.75348 0.774006 0.793893 0.813093 0.831561 0.849256 0.866134 0.882158 0.897289 0.911492 0.924734 0.936984 0.948213 0.958396 0.967508 0.975528 0.982438 0.988221 0.992863 0.996354 0.998687 0.999854 
1 64
0.00045865 0.00412624 0.0114526 0.0224195 0.0369978 0.0551454 0.0768045 0.101899 0.130331 0.161975 0.19668 0.234258 0.274487 0.317106 0.361813 0.408264 0.456073 0.504813 0.554021 0.603199 0.651819 0.699334 0.745184 0.788804 0.829637 0.867143 0.900811 0.930172 0.954805 0.974354 0.98853 0.997122 1 0.997122 0.98853 0.974354 0.954805 0.930172 0.900811 0.867143 0.829637 0.788804 0.745184 0.699334 0.651819 0.603199 0.554021 0.504813 0.456073 0.408264 0.361813 0.317106 0.274487 0.234258 0.19668 0.161975 0.130331 0.101899 0.0768045 0.0551454 0.0369978 0.0224195 0.0114526 0.00412624 
1 64
3.14159 3.14157 3.14138 3.14079 3.13942 3.13677 3.13226 3.12516 3.1147 3.09999 3.08009 3.05401 3.02073 2.97924 2.92851 2.86758 2.79556 2.71162 2.61508 2.50539 2.38219 2.24528 2.09469 1.93067 1.75368 1.56444 1.36389 1.15316 0.933621 0.7068 0.474379 0.238157 1.54365e-05 -0.238126 -0.474347 -0.706767 -0.933587 -1.15312 -1.36385 -1.5644 -1.75364 -1.93062 -2.09464 -2.24523 -2.38213 -2.50534 -2.61502 -2.71156 -2.7955 -2.86753 -2.92846 -2.97919 -3.02068 -3.05396 -3.08004 -3.09995 -3.11466 -3.12513 -3.13223 -3.13675 -3.1394 -3.14077 -3.14137 -3.14156 
1 64
0 -0.0212619 -0.0549496 -0.108205 -0.178659 -0.266899 -0.372438 -0.494989 -0.634062 -0.789065 -0.959254 -1.14372 -1.34139 -1.55098 -1.771 -1.99979 -2.23543 -2.47584 -2.71873 -2.96166 -3.20201 -3.4371 -3.66415 -3.88038 -4.08302 -4.2694 -4.43699 -4.58346 -4.70671 -4.80495 -4.87676 -4.92105 -4.93717 -4.92488 -4.88438 -4.81626 -4.72157 -4.60169 -4.45837 -4.29367 -4.1099 -3.90955 -3.69529 -3.46985 -3.23603 -2.99658 -2.75421 -2.51151 -2.27096 -2.03485 -1.80529 -1.58419 -1.37326 -1.17399 -0.987703 -0.815489 -0.658283 -0.516855 -0.391827 -0.283708 -0.19286 -0.119746 -0.0639961 -0.028897 
1 64
-6.07085 -4.815 -5.08443 -5.05863 -5.08636 -5.09151 -5.09346 -5.08751 -5.0741 -5.05187 -5.01957 -4.97573 -4.91879 -4.84718 -4.75931 -4.6537 -4.52895 -4.38386 -4.2174 -4.02883 -3.81768 -3.58381 -3.32742 -3.04909 -2.74979 -2.43085 -2.09397 -1.74121 -1.37493 -0.997777 -0.612609 -0.222456 0.16955 0.560243 0.946484 1.32524 1.69362 2.04897 2.38891 2.71136 3.01458 3.29721 3.55826 3.79715 4.01363 4.20784 4.38024 4.5316 4.66294 4.77553 4.87081 4.95036 5.01588 5.06915 5.11198 5.14621 5.17368 5.19641 5.21593 5.23674 5.24964 5.32256 5.01673 8.25087 
