1 101
-1 -0.98 -0.96 -0.94 -0.92 -0.9 -0.88 -0.86 -0.84 -0.82 -0.8 -0.78 -0.76 -0.74 -0.72 -0.7 -0.68 -0.66 -0.64 -0.62 -0.6 -0.58 -0.56 -0.54 -0.52 -0.5 -0.48 -0.46 -0.44 -0.42 -0.4 -0.38 -0.36 -0.34 -0.32 -0.3 -0.28 -0.26 -0.24 -0.22 -0.2 -0.18 -0.16 -0.14 -0.12 -0.1 -0.08 -0.06 -0.04 -0.02 0 0.02 0.04 0.06 0.08 0.1 0.12 0.14 0.16 0.18 0.2 0.22 0.24 0.26 0.28 0.3 0.32 0.34 0.36 0.38 0.4 0.42 0.44 0.46 0.48 0.5 0.52 0.54 0.56 0.58 0.6 0.62 0.64 0.66 0.68 0.7 0.72 0.74 0.76 0.78 0.8 0.82 0.84 0.86 0.88 0.9 0.92 0.94 0.96 0.98 1 
1 101
-0.999343 -0.999916 -0.999916 -0.999916 -0.999916 -0.999916 -0.999916 -0.999916 -0.999916 -0.999916 -0.999916 -0.999916 -0.999916 -0.999916 -0.999916 -0.999916 -0.999916 -0.999916 -0.999916 -0.999916 -0.999916 -0.999916 -0.999916 -0.999916 -0.999916 -0.999916 -0.999916 -0.999916 -0.999916 -0.999916 -0.999916 -0.999916 -0.999916 -0.999916 -0.999916 -0.999916 -0.999916 -0.999916 -0.999916 -0.999916 -0.999916 -0.999916 -0.999916 -0.999916 -0.999916 -0.999916 -0.999916 -0.999916 -0.999916 -0.999916 -0.999916 -0.999916 -0.999916 -0.999916 -0.999916 -0.999916 -0.999916 -0.999916 -0.999916 -0.999916 -0.999916 -0.999916 -0.999916 -0.999916 -0.999916 -0.999916 -0.999916 -0.999916 -0.999916 -0.999916 -0.999916 -0.999916 -0.999916 -0.999916 -0.999916 -0.999916 -0.999916 -0.999916 -0.999916 -0.999916 -0.999916 -0.999916 -0.999916 -0.999916 -0.999916 -0.999916 -0.999916 -0.999916 -0.999916 -0.999916 -0.999916 -0.999916 -0.999916 -0.999916 -0.999916 -0.999916 -0.999916 -0.999916 -0.999916 -0.999916 -0.999916 
1 129
0.999926 0.999333 0.998147 0.99637 0.994001 0.991043 0.987497 0.983366 0.978651 0.973356 0.967484 0.961038 0.954022 0.94644 0.938297 0.929597 0.920346 0.910549 0.900213 0.889342 0.877944 0.866025 0.853593 0.840655 0.827217 0.81329 0.79888 0.783996 0.768647 0.752843 0.736591 0.719903 0.702789 0.685257 0.667319 0.648985 0.630266 0.611174 0.591719 0.571913 0.551768 0.531295 0.510508 0.489418 0.468037 0.446379 0.424457 0.402282 0.379869 0.357231 0.334381 0.311332 0.288099 0.264695 0.241134 0.21743 0.193597 0.16965 0.145601 0.121466 0.0972597 0.0729953 0.0486876 0.024351 6.12323e-17 -0.024351 -0.0486876 -0.0729953 -0.0972597 -0.121466 -0.145601 -0.16965 -0.193597 -0.21743 -0.241134 -0.264695 -0.288099 -0.311332 -0.334381 -0.357231 -0.379869 -0.402282 -0.424457 -0.446379 -0.468037 -0.489418 -0.510508 -0.531295 -0.551768 -0.571913 -0.591719 -0.611174 -0.630266 -0.648985 -0.667319 -0.685257 -0.702789 -0.719903 -0.736591 -0.752843 -0.768647 -0.783996 -0.79888 -0.81329 -0.827217 -0.840655 -0.853593 -0.866025 -0.877944 -0.889342 -0.900213 -0.910549 -0.920346 -0.929597 -0.938297 -0.94644 -0.954022 -0.961038 -0.967484 -0.973356 -0.978651 -0.983366 -0.987497 -0.991043 -0.994001 -0.99637 -0.998147 -0.999333 -0.999926 
1 128
0.675619 0.675663 0.675752 0.675886 0.676066 0.676292 0.676566 0.676888 0.67726 0.677685 0.678163 0.678698 0.679291 0.679946 0.680666 0.681455 0.682317 0.683257 0.68428 0.685391 0.686597 0.687906 0.689325 0.690864 0.692532 0.694341 0.696305 0.698436 0.700752 0.70327 0.706011 0.708998 0.712258 0.71582 0.719719 0.723993 0.728687 0.73385 0.739542 0.745827 0.752781 0.760492 0.769058 0.778592 0.789221 0.80109 0.814361 0.82921 0.84583 0.864422 0.885191 0.908325 0.93398 0.962246 0.993103 1.02637 1.06165 1.09825 1.13514 1.17097 1.20405 1.23253 1.25453 1.26847 1.27324 1.26847 1.25453 1.23253 1.20405 1.17097 1.13514 1.09825 1.06165 1.02637 0.993103 0.962246 0.93398 0.908325 0.885191 0.864422 0.84583 0.82921 0.814361 0.80109 0.789221 0.778592 0.769058 0.760492 0.752781 0.745827 0.739542 0.73385 0.728687 0.723993 0.719719 0.71582 0.712258 0.708998 0.706011 0.70327 0.700752 0.698436 0.696305 0.694341 0.692532 0.690864 0.689325 0.687906 0.686597 0.685391 0.68428 0.683257 0.682317 0.681455 0.680666 0.679946 0.679291 0.678698 0.678163 0.677685 0.67726 0.676888 0.676566 0.676292 0.676066 0.675886 0.675752 0.675663 
1 128
-0.0748813 -0.0749581 -0.0752431 -0.0756077 -0.0761244 -0.0767657 -0.0775474 -0.0784702 -0.0795412 -0.0807668 -0.0821549 -0.0837147 -0.0854566 -0.0873924 -0.0895355 -0.0919012 -0.0945067 -0.0973716 -0.100518 -0.10397 -0.107757 -0.11191 -0.116465 -0.121462 -0.126949 -0.132978 -0.139608 -0.146908 -0.154955 -0.163839 -0.173661 -0.184539 -0.196606 -0.210017 -0.224948 -0.241605 -0.260221 -0.281067 -0.304452 -0.330732 -0.36031 -0.393644 -0.431246 -0.473684 -0.521571 -0.575548 -0.636259 -0.704288 -0.780081 -0.863812 -0.955194 -1.05322 -1.15582 -1.25945 -1.35864 -1.44561 -1.51006 -1.53942 -1.51978 -1.43769 -1.28284 -1.05128 -0.748239 -0.389447 -6.28259e-06 0.389433 0.74822 1.05126 1.28281 1.43766 1.51975 1.5394 1.51004 1.4456 1.35864 1.25945 1.15582 1.05323 0.955203 0.863822 0.780092 0.704299 0.636269 0.575558 0.52158 0.473693 0.431255 0.393651 0.360317 0.330738 0.304458 0.281072 0.260225 0.241609 0.224952 0.21002 0.196609 0.184542 0.173664 0.163841 0.154957 0.14691 0.13961 0.132979 0.126951 0.121464 0.116466 0.111911 0.107758 0.103971 0.100519 0.0973724 0.0945075 0.0919019 0.0895361 0.0873929 0.0854571 0.0837152 0.0821553 0.0807671 0.0795415 0.0784705 0.0775475 0.0767664 0.0761233 0.0756109 0.0752376 0.0749627 
1 128
0 0.129452 0.0893213 0.105932 0.103398 0.106554 0.108052 0.110213 0.112431 0.114938 0.117711 0.120797 0.124225 0.128027 0.132239 0.136902 0.14206 0.147762 0.154066 0.161034 0.168739 0.177264 0.186704 0.197165 0.208772 0.221665 0.236009 0.251988 0.269819 0.28975 0.312067 0.337099 0.365226 0.396887 0.432584 0.472895 0.518477 0.570075 0.628525 0.694749 0.769744 0.854554 0.95021 1.05764 1.17751 1.30997 1.45431 1.60839 1.76788 1.92523 2.06838 2.17914 2.23166 2.19124 2.01432 1.65088 1.05059 0.174042 -0.990842 -2.40962 -3.98537 -5.55537 -6.90936 -7.83215 -8.16065 -7.8337 -6.91211 -5.55873 -3.98864 -2.41217 -0.992218 0.174078 1.05207 1.65369 2.01824 2.19601 2.23704 2.1849 2.07433 1.93122 1.77379 1.61415 1.45988 1.31531 1.18261 1.0625 0.954828 0.858941 0.773914 0.698715 0.632302 0.573679 0.521923 0.476197 0.435757 0.399944 0.368179 0.33996 0.314849 0.292463 0.272473 0.254593 0.238574 0.224202 0.211288 0.199671 0.189209 0.179779 0.171274 0.1636 0.156676 0.150431 0.144802 0.139736 0.135185 0.13111 0.127475 0.124253 0.121419 0.118958 0.116856 0.115121 0.113733 0.112849 0.112053 0.113596 0.108977 0.141057 
1 128
-72.7648 11.2821 -3.1148 0.356626 -0.355656 -0.140831 -0.174291 -0.156864 -0.157789 -0.157412 -0.159608 -0.16282 -0.167154 -0.172439 -0.178668 -0.185847 -0.194023 -0.203266 -0.213666 -0.225341 -0.238427 -0.253088 -0.269515 -0.287928 -0.308586 -0.331787 -0.357875 -0.387246 -0.420361 -0.457744 -0.499999 -0.547815 -0.601972 -0.663345 -0.732904 -0.811701 -0.900845 -1.00145 -1.11455 -1.24092 -1.38088 -1.53388 -1.69794 -1.86881 -2.03871 -2.19467 -2.31612 -2.37198 -2.31701 -2.0882 -1.60182 -0.753514 0.575746 2.50297 5.11078 8.3958 12.2009 16.1464 19.5952 21.6986 21.5679 18.5673 12.6393 4.49663 -4.47544 -12.6229 -18.559 -21.5691 -21.7085 -19.6114 -16.166 -12.221 -8.41436 -5.12641 -2.5151 -0.584338 0.748122 1.59912 2.08763 2.31805 2.37416 2.31908 2.19811 2.04242 1.87261 1.70173 1.53757 1.38443 1.24429 1.11772 1.00442 0.903607 0.814257 0.735258 0.665503 0.603939 0.549596 0.501598 0.459163 0.421601 0.388306 0.358749 0.332469 0.309064 0.288186 0.26953 0.252833 0.237862 0.224415 0.212313 0.201397 0.191522 0.182554 0.174364 0.166824 0.159792 0.153097 0.146526 0.139721 0.132296 0.122711 0.111931 0.0831689 0.0896693 -0.217215 0.866208 -9.01862 79.2876 
