1 51
-1 -0.96 -0.92 -0.88 -0.84 -0.8 -0.76 -0.72 -0.68 -0.64 -0.6 -0.56 -0.52 -0.48 -0.44 -0.4 -0.36 -0.32 -0.28 -0.24 -0.2 -0.16 -0.12 -0.08 -0.04 0 0.04 0.08 0.12 0.16 0.2 0.24 0.28 0.32 0.36 0.4 0.44 0.48 0.52 0.56 0.6 0.64 0.68 0.72 0.76 0.8 0.84 0.88 0.92 0.96 1 
1 51
0.866015 0.0411971 0.0442525 0.0486366 0.0550775 0.0631656 0.0717255 0.0795674 0.0855016 0.0883935 0.0887514 0.0889897 0.0929268 0.104381 0.127171 0.165116 0.222033 0.30102 0.399712 0.510797 0.626461 0.738891 0.840273 0.922795 0.978641 1 0.98162 0.928505 0.848219 0.748329 0.636399 0.519996 0.406684 0.304031 0.222706 0.166044 0.12716 0.102875 0.0900082 0.0853796 0.0858092 0.0881169 0.0828897 0.0761103 0.0687937 0.0614508 0.0545925 0.0489547 0.0448762 0.0415223 0.984818 
1 9
-0.984808 -0.866025 -0.642788 -0.34202 6.12323e-17 0.34202 0.642788 0.866025 0.984808 
1 8
0.03961 0.0506329 0.0882659 0.254813 1 0.254813 0.0882659 0.0506329 
1 8
0.0626639 0.15307 0.0493557 1.9396 0.0377549 -1.90884 -0.1286 -0.125664 
1 8
0 0.761108 -1.31381 7.6586 -13.2192 6.99627 -0.476134 0.415024 
1 8
2.13586 -3.09822 9.9439 -20.3475 19.702 -8.28149 1.33066 -1.16466 
