1 51
-1 -0.96 -0.92 -0.88 -0.84 -0.8 -0.76 -0.72 -0.68 -0.64 -0.6 -0.56 -0.52 -0.48 -0.44 -0.4 -0.36 -0.32 -0.28 -0.24 -0.2 -0.16 -0.12 -0.08 -0.04 0 0.04 0.08 0.12 0.16 0.2 0.24 0.28 0.32 0.36 0.4 0.44 0.48 0.52 0.56 0.6 0.64 0.68 0.72 0.76 0.8 0.84 0.88 0.92 0.96 1 
1 51
0.961816 0.0415962 0.0451262 0.0491278 0.0536616 0.0588242 0.0648025 0.0716936 0.0796365 0.0888762 0.0998068 0.112966 0.128919 0.148362 0.172068 0.200917 0.235797 0.278471 0.333032 0.404337 0.497243 0.615729 0.748506 0.872414 0.964047 1 0.96464 0.873422 0.749576 0.61633 0.49744 0.404596 0.333041 0.27827 0.235781 0.200222 0.171229 0.147786 0.128831 0.112879 0.0996614 0.0887585 0.0796093 0.0715745 0.0647064 0.0588204 0.0536112 0.0490981 0.0451013 0.0415937 0.995744 
1 17
-0.995734 -0.961826 -0.895163 -0.798017 -0.673696 -0.526432 -0.361242 -0.18375 6.12323e-17 0.18375 0.361242 0.526432 0.673696 0.798017 0.895163 0.961826 0.995734 
1 16
0.038779 0.0414461 0.0475445 0.0590989 0.0809937 0.126131 0.23461 0.542271 1 0.542271 0.23461 0.126131 0.0809937 0.0590989 0.0475445 0.0414461 
1 16
0.0770049 0.08196 0.102268 0.14028 0.219504 0.426826 0.953334 2.91639 0.00777243 -2.89593 -0.97563 -0.427442 -0.222272 -0.140948 -0.102484 -0.0823483 
1 16
0 0.146132 0.136229 0.24236 0.379981 1.01243 2.14972 8.88496 -24.7142 8.63116 2.38729 1.01758 0.428475 0.256882 0.165927 0.163309 
1 16
1.43654 -0.0495217 0.364164 0.368991 1.43156 2.2949 12.6489 -60.951 60.4906 -11.7261 -2.7639 -1.33346 -0.460081 -0.31209 -0.0130883 -1.60539 
