1 51
-1 -0.96 -0.92 -0.88 -0.84 -0.8 -0.76 -0.72 -0.68 -0.64 -0.6 -0.56 -0.52 -0.48 -0.44 -0.4 -0.36 -0.32 -0.28 -0.24 -0.2 -0.16 -0.12 -0.08 -0.04 0 0.04 0.08 0.12 0.16 0.2 0.24 0.28 0.32 0.36 0.4 0.44 0.48 0.52 0.56 0.6 0.64 0.68 0.72 0.76 0.8 0.84 0.88 0.92 0.96 1 
1 51
0.997363 0.0415975 0.0451265 0.0491161 0.0536484 0.0588238 0.0647671 0.0716338 0.0796186 0.0889687 0.100001 0.113123 0.128867 0.14793 0.171234 0.200001 0.23585 0.2809 0.33784 0.409836 0.500001 0.609788 0.735407 0.862126 0.961417 1 0.96142 0.862133 0.73541 0.609783 0.499995 0.409835 0.337835 0.280892 0.235841 0.199993 0.171228 0.147925 0.128863 0.11312 0.0999983 0.0889665 0.0796165 0.0716323 0.0647664 0.0588232 0.0536476 0.0491156 0.0451262 0.0415972 0.999718 
1 65
-0.999708 -0.997373 -0.992709 -0.985726 -0.976441 -0.964876 -0.951057 -0.935016 -0.916792 -0.896427 -0.873968 -0.849468 -0.822984 -0.794578 -0.764316 -0.732269 -0.698511 -0.663123 -0.626185 -0.587785 -0.548013 -0.50696 -0.464723 -0.421401 -0.377095 -0.331908 -0.285946 -0.239316 -0.192127 -0.144489 -0.0965139 -0.0483134 6.12323e-17 0.0483134 0.0965139 0.144489 0.192127 0.239316 0.285946 0.331908 0.377095 0.421401 0.464723 0.50696 0.548013 0.587785 0.626185 0.663123 0.698511 0.732269 0.764316 0.794578 0.822984 0.849468 0.873968 0.896427 0.916792 0.935016 0.951057 0.964876 0.976441 0.985726 0.992709 0.997373 0.999708 
1 64
0.0384831 0.0386566 0.0390065 0.0395391 0.0402642 0.0411953 0.0423501 0.0437515 0.0454283 0.0474169 0.0497624 0.0525213 0.0557645 0.0595811 0.0640842 0.0694182 0.0757693 0.0833799 0.0925695 0.103764 0.117537 0.134676 0.15627 0.183841 0.219538 0.266378 0.328502 0.411218 0.52007 0.657062 0.811113 0.944863 1 0.944863 0.811113 0.657062 0.52007 0.411218 0.328502 0.266378 0.219538 0.183841 0.15627 0.134676 0.117537 0.103764 0.0925695 0.0833799 0.0757693 0.0694182 0.0640842 0.0595811 0.0557645 0.0525213 0.0497624 0.0474169 0.0454283 0.0437515 0.0423501 0.0411953 0.0402642 0.0395391 0.0390065 0.0386566 
1 64
0.0741719 0.0744745 0.0756036 0.077075 0.0791998 0.0819132 0.085333 0.0895363 0.0946496 0.100826 0.108265 0.117221 0.128023 0.141102 0.157018 0.176518 0.200598 0.230609 0.268406 0.316559 0.378685 0.459921 0.567623 0.71234 0.90901 1.17791 1.5434 2.0244 2.60017 3.12177 3.1733 2.14416 0.000114418 -2.14362 -3.1726 -3.12146 -2.60022 -2.02461 -1.54364 -1.17812 -0.909187 -0.712481 -0.567734 -0.460007 -0.378753 -0.316612 -0.268448 -0.230644 -0.200625 -0.17654 -0.157037 -0.141117 -0.128036 -0.117231 -0.108273 -0.100833 -0.0946557 -0.0895416 -0.0853365 -0.0819185 -0.0791975 -0.0770886 -0.0755835 -0.0744929 
1 64
0 0.129587 0.0910217 0.109688 0.110175 0.117287 0.123898 0.132526 0.142864 0.155521 0.17098 0.189952 0.213352 0.24241 0.278779 0.324724 0.38337 0.459094 0.558095 0.689249 0.865383 1.10512 1.43539 1.89424 2.53209 3.40418 4.53136 5.76586 6.41711 4.51719 -3.45032 -17.8981 -26.4797 -17.9123 -3.46348 4.5213 6.43479 5.7885 4.55381 3.42434 2.54949 1.90908 1.44806 1.11602 0.874857 0.697592 0.565543 0.465837 0.389562 0.330493 0.284232 0.24764 0.218445 0.194989 0.176045 0.160702 0.148276 0.138268 0.130272 0.124153 0.119272 0.117715 0.11086 0.141424 
1 64
18.5002 -2.75605 0.891083 0.0174543 0.204998 0.159455 0.179295 0.189097 0.207168 0.229432 0.258122 0.294526 0.340974 0.40061 0.477885 0.579097 0.713263 0.893409 1.13849 1.47617 1.94659 2.60646 3.53054 4.79881 6.43325 8.17464 8.8248 4.60034 -13.2943 -55.3586 -99.9146 -59.208 59.1099 99.9218 55.4786 13.3892 -4.56523 -8.82619 -8.19125 -6.45354 -4.81808 -3.54727 -2.62046 -1.95814 -1.48565 -1.14626 -0.89977 -0.718449 -0.583278 -0.481172 -0.403061 -0.342585 -0.29523 -0.257742 -0.227718 -0.203374 -0.183069 -0.16615 -0.147612 -0.140683 -0.0558811 -0.327244 2.1843 -20.1902 
