1 101
-1 -0.98 -0.96 -0.94 -0.92 -0.9 -0.88 -0.86 -0.84 -0.82 -0.8 -0.78 -0.76 -0.74 -0.72 -0.7 -0.68 -0.66 -0.64 -0.62 -0.6 -0.58 -0.56 -0.54 -0.52 -0.5 -0.48 -0.46 -0.44 -0.42 -0.4 -0.38 -0.36 -0.34 -0.32 -0.3 -0.28 -0.26 -0.24 -0.22 -0.2 -0.18 -0.16 -0.14 -0.12 -0.1 -0.08 -0.06 -0.04 -0.02 0 0.02 0.04 0.06 0.08 0.1 0.12 0.14 0.16 0.18 0.2 0.22 0.24 0.26 0.28 0.3 0.32 0.34 0.36 0.38 0.4 0.42 0.44 0.46 0.48 0.5 0.52 0.54 0.56 0.58 0.6 0.62 0.64 0.66 0.68 0.7 0.72 0.74 0.76 0.78 0.8 0.82 0.84 0.86 0.88 0.9 0.92 0.94 0.96 0.98 1 
1 101
-0.961836 -0.961836 -0.995724 -0.995724 -0.995724 -0.995724 -0.995724 -0.995724 -0.995724 -0.995724 -0.995724 -0.995724 -0.995724 -0.995724 -0.995724 -0.995724 -0.995724 -0.995724 -0.995724 -0.995724 -0.995724 -0.995724 -0.995724 -0.995724 -0.995724 -0.995724 -0.995724 -0.995724 -0.995724 -0.995724 -0.995724 -0.995724 -0.995724 -0.995724 -0.995724 -0.995724 -0.995724 -0.995724 -0.995724 -0.995724 -0.995724 -0.995724 -0.995724 -0.995724 -0.995724 -0.995724 -0.995724 -0.995724 -0.995724 -0.995724 -0.995724 -0.995724 -0.995724 -0.995724 -0.995724 -0.995724 -0.995724 -0.995724 -0.995724 -0.995724 -0.995724 -0.995724 -0.995724 -0.995724 -0.995724 -0.995724 -0.995724 -0.995724 -0.995724 -0.995724 -0.995724 -0.995724 -0.995724 -0.995724 -0.995724 -0.995724 -0.995724 -0.995724 -0.995724 -0.995724 -0.995724 -0.995724 -0.995724 -0.995724 -0.995724 -0.995724 -0.995724 -0.995724 -0.995724 -0.995724 -0.995724 -0.995724 -0.995724 -0.995724 -0.995724 -0.995724 -0.995724 -0.995724 -0.995724 -0.995724 -0.995724 
1 17
0.995734 0.961826 0.895163 0.798017 0.673696 0.526432 0.361242 0.18375 6.12323e-17 -0.18375 -0.361242 -0.526432 -0.673696 -0.798017 -0.895163 -0.961826 -0.995734 
1 16
0.675935 0.678632 0.684791 0.696425 0.718302 0.762427 0.860989 1.07661 1.27324 1.07661 0.860989 0.762427 0.718302 0.696425 0.684791 0.678632 
1 16
-0.0779067 -0.0828125 -0.103389 -0.14 -0.222046 -0.394807 -0.882547 -1.49291 -0.00216666 1.48214 0.887027 0.399345 0.22307 0.141134 0.103459 0.0832388 
1 16
0 0.144676 0.141937 0.2217 0.42461 0.731301 2.20314 1.20981 -9.32274 1.13906 2.24012 0.793154 0.445041 0.246448 0.167154 0.163538 
1 16
-1.42221 0.013692 -0.273684 -0.544047 -0.6942 -2.96998 1.86549 19.1067 -18.9784 -2.06782 2.9198 0.787961 0.532471 0.272077 0.018082 1.60764 
